6.472819e-03
1.079298e-02
6.642397e-03
7.838379e-03
7.995486e-03
7.056394e-03
7.467981e-03
7.463573e-03
6.295603e-03
7.033139e-03
7.105544e-03
9.366761e-03
8.259737e-03
7.954525e-03
1.098552e-02
7.564357e-03
8.126868e-03
7.815959e-03
6.315313e-03
6.759811e-03
6.378487e-03
5.240731e-03
8.101354e-03
7.692033e-03
6.636063e-03
7.389809e-03
7.879451e-03
5.879755e-03
6.746245e-03
7.424042e-03
5.994028e-03
8.202806e-03
7.218540e-03
8.213191e-03
5.174607e-03
5.873645e-03
5.165705e-03
7.100748e-03
4.927727e-03
6.478399e-03
6.123089e-03
7.375819e-03
7.978563e-03
6.490319e-03
7.806375e-03
7.494226e-03
7.278306e-03
7.144482e-03
4.732288e-03
6.819243e-03
5.150728e-03
4.763959e-03
6.331263e-03
6.561119e-03
7.474312e-03
6.836376e-03
7.253466e-03
6.220765e-03
6.535684e-03
5.344870e-03
6.670768e-03
7.804632e-03
5.808306e-03
7.077070e-03
5.453302e-03
7.155845e-03
7.372958e-03
5.326346e-03
5.637499e-03
5.599911e-03
4.607143e-03
6.278144e-03
7.168685e-03
5.547931e-03
5.087585e-03
7.518912e-03
6.299668e-03
7.074048e-03
6.913834e-03
6.760870e-03
7.575714e-03
6.530509e-03
9.018765e-03
4.931779e-03
5.821074e-03
5.737710e-03
6.010696e-03
6.866699e-03
5.516736e-03
6.997117e-03
5.380142e-03
4.962300e-03
5.493540e-03
6.618222e-03
4.948417e-03
8.896176e-03
8.982592e-03
7.521775e-03
6.757239e-03
8.372660e-03
