4.876446e-03
4.868454e-03
4.744947e-03
4.882926e-03
4.631822e-03
4.536447e-03
4.391901e-03
4.698721e-03
5.152613e-03
5.033627e-03
4.768979e-03
4.705826e-03
4.827518e-03
5.142115e-03
4.854667e-03
5.069774e-03
4.770468e-03
4.675185e-03
4.831405e-03
4.647871e-03
4.819379e-03
4.632723e-03
4.829357e-03
5.003241e-03
4.627871e-03
5.258163e-03
4.795333e-03
4.975037e-03
5.087275e-03
4.925167e-03
4.810246e-03
5.076977e-03
5.128060e-03
4.742281e-03
4.686683e-03
4.956147e-03
4.991237e-03
5.035526e-03
5.057853e-03
4.684112e-03
4.900627e-03
4.356803e-03
4.640464e-03
4.611624e-03
4.632149e-03
4.730515e-03
4.596240e-03
4.888253e-03
5.066159e-03
4.711130e-03
4.756387e-03
4.575285e-03
4.882033e-03
4.616683e-03
4.895187e-03
4.793552e-03
4.807122e-03
4.890811e-03
5.189506e-03
5.525986e-03
4.596360e-03
4.636890e-03
4.796851e-03
5.042336e-03
4.777462e-03
5.506606e-03
5.045478e-03
5.214590e-03
4.997382e-03
4.787467e-03
5.345761e-03
5.169136e-03
4.865071e-03
4.750974e-03
4.792896e-03
4.662941e-03
4.690760e-03
4.607043e-03
5.017931e-03
5.079455e-03
4.809563e-03
5.049199e-03
5.017720e-03
5.222612e-03
5.260142e-03
5.066923e-03
5.009398e-03
4.839295e-03
5.033736e-03
4.985806e-03
4.423145e-03
4.875304e-03
4.788399e-03
4.774772e-03
4.667148e-03
4.896622e-03
4.453890e-03
4.935495e-03
4.537542e-03
4.584351e-03
