1.113980e-02
1.063046e-02
1.068354e-02
1.086682e-02
1.095800e-02
1.094560e-02
1.083045e-02
1.087385e-02
1.081638e-02
1.086721e-02
1.094369e-02
1.071803e-02
1.056623e-02
1.024408e-02
1.039746e-02
1.063294e-02
1.093916e-02
1.064558e-02
1.038467e-02
1.043489e-02
1.048233e-02
1.028943e-02
1.138103e-02
1.033973e-02
1.116473e-02
1.048014e-02
1.062208e-02
1.065008e-02
1.059766e-02
1.063236e-02
1.062756e-02
1.056447e-02
1.069902e-02
1.034042e-02
1.090245e-02
1.021622e-02
1.022366e-02
1.009411e-02
1.015818e-02
1.014107e-02
1.048174e-02
1.088052e-02
1.088749e-02
1.098528e-02
1.046346e-02
1.040411e-02
1.082776e-02
1.012051e-02
1.014930e-02
1.029774e-02
1.041478e-02
1.110554e-02
1.050271e-02
1.020187e-02
9.947855e-03
1.046095e-02
9.823048e-03
9.992352e-03
1.021218e-02
1.007875e-02
1.029457e-02
1.023108e-02
1.045687e-02
1.004121e-02
9.961566e-03
1.042320e-02
9.765622e-03
9.887739e-03
1.004349e-02
9.972845e-03
9.764511e-03
1.011839e-02
9.952592e-03
1.023388e-02
9.732990e-03
1.012490e-02
1.130003e-02
1.036490e-02
1.182091e-02
1.016366e-02
1.039068e-02
9.874382e-03
9.930507e-03
9.879775e-03
1.044683e-02
1.062663e-02
1.066202e-02
1.038850e-02
1.032722e-02
1.059188e-02
1.040502e-02
1.012682e-02
1.038403e-02
1.055344e-02
1.072961e-02
1.050360e-02
1.095591e-02
1.037113e-02
1.038708e-02
1.016757e-02
