7.829368e-04
2.886050e-04
6.310921e-04
1.538211e-03
1.140148e-03
6.038733e-04
7.919941e-04
9.557779e-04
3.289940e-03
1.140349e-03
1.457685e-03
1.187736e-03
1.086307e-03
1.571651e-03
1.256632e-03
6.883848e-04
1.558767e-03
9.120152e-04
1.442017e-03
2.449099e-03
1.448831e-03
1.816384e-03
1.948923e-03
2.496449e-03
8.689339e-04
1.379746e-03
5.391932e-04
2.195370e-03
7.569706e-04
1.467213e-03
1.086229e-03
3.581248e-03
1.104842e-03
8.724301e-04
1.776631e-03
1.840421e-03
1.707208e-03
1.242819e-03
2.014951e-03
6.745574e-04
9.200580e-04
1.987587e-03
8.945618e-04
1.022379e-03
1.134570e-03
1.552989e-03
9.805100e-04
2.299157e-03
1.370099e-03
1.969591e-03
1.697109e-03
1.202684e-03
1.490936e-03
1.496716e-03
9.684274e-04
1.987342e-03
2.990734e-03
8.924735e-04
2.115162e-03
6.642158e-04
1.558267e-03
8.853209e-04
1.212359e-03
1.972787e-03
1.684201e-03
7.429152e-04
1.221180e-03
1.814060e-03
1.388661e-03
1.162213e-03
5.872321e-04
1.179174e-03
1.445122e-03
8.018539e-04
1.937734e-03
2.013557e-03
4.723516e-04
1.607304e-03
1.124809e-03
1.049247e-03
1.448439e-03
1.121263e-03
1.699200e-03
8.757119e-04
1.186415e-03
1.906888e-03
1.411549e-03
1.600282e-03
6.854923e-04
1.032174e-03
9.393113e-04
2.278819e-03
1.218035e-03
2.400460e-03
2.154300e-03
9.423084e-04
1.877269e-03
1.086757e-03
1.202559e-03
1.560791e-03
