1.619699e-04
1.752601e-04
1.740470e-04
1.678016e-04
1.649082e-04
1.560585e-04
1.602929e-04
1.706307e-04
1.722116e-04
1.675098e-04
1.732407e-04
1.629729e-04
1.817739e-04
1.678510e-04
1.711698e-04
1.612473e-04
1.606877e-04
1.603827e-04
1.639316e-04
1.600506e-04
1.647978e-04
1.715670e-04
1.683974e-04
1.646893e-04
1.751878e-04
1.668174e-04
1.598952e-04
1.755233e-04
1.681216e-04
1.614172e-04
1.698177e-04
1.640694e-04
1.766691e-04
1.595082e-04
1.713219e-04
1.613145e-04
1.663854e-04
1.655674e-04
1.845856e-04
1.610601e-04
1.678138e-04
1.626077e-04
1.619706e-04
1.662252e-04
1.615417e-04
1.666822e-04
1.595240e-04
1.626983e-04
1.658785e-04
1.654007e-04
1.845243e-04
1.607366e-04
1.636038e-04
1.834328e-04
1.724532e-04
1.636310e-04
1.699338e-04
1.793587e-04
1.631958e-04
1.572003e-04
1.622565e-04
1.664960e-04
1.657066e-04
1.697457e-04
1.786571e-04
1.761003e-04
1.676807e-04
1.575017e-04
1.620326e-04
1.719453e-04
1.675389e-04
1.627533e-04
1.690807e-04
1.727259e-04
1.610425e-04
1.599669e-04
1.714668e-04
1.640172e-04
1.707132e-04
1.679032e-04
1.643112e-04
1.675467e-04
1.549051e-04
1.669993e-04
1.649942e-04
1.654749e-04
1.726987e-04
1.548831e-04
1.628811e-04
1.749089e-04
1.634581e-04
1.754999e-04
1.878080e-04
1.756856e-04
1.621969e-04
1.637962e-04
1.649601e-04
1.651766e-04
1.772859e-04
1.772149e-04
