1.604187e-04
1.639490e-04
1.669571e-04
1.573648e-04
1.544385e-04
1.590354e-04
1.678617e-04
1.677644e-04
1.660941e-04
1.575358e-04
1.528344e-04
1.675601e-04
1.623638e-04
1.564884e-04
1.537759e-04
1.644883e-04
1.595056e-04
1.623487e-04
1.611989e-04
1.690328e-04
1.639123e-04
1.554976e-04
1.567938e-04
1.596439e-04
1.645088e-04
1.613598e-04
1.573784e-04
1.673803e-04
1.507006e-04
1.571481e-04
1.642652e-04
1.623979e-04
1.570096e-04
1.579385e-04
1.667368e-04
1.557345e-04
1.707132e-04
1.704957e-04
1.615727e-04
1.631784e-04
1.653874e-04
1.586795e-04
1.607907e-04
1.704073e-04
1.588223e-04
1.621556e-04
1.636262e-04
1.657913e-04
1.603839e-04
1.550260e-04
1.628881e-04
1.636205e-04
1.541965e-04
1.619983e-04
1.498816e-04
1.603336e-04
1.651230e-04
1.615827e-04
1.755130e-04
1.697185e-04
1.538517e-04
1.582551e-04
1.546040e-04
1.590760e-04
1.595082e-04
1.579635e-04
1.578381e-04
1.661122e-04
1.692204e-04
1.659420e-04
1.573701e-04
1.744249e-04
1.667926e-04
1.663184e-04
1.626782e-04
1.683629e-04
1.683323e-04
1.681921e-04
1.622548e-04
1.549070e-04
1.616113e-04
1.662850e-04
1.591287e-04
1.705394e-04
1.475980e-04
1.646755e-04
1.647356e-04
1.586719e-04
1.593242e-04
1.640470e-04
1.625822e-04
1.652145e-04
1.628592e-04
1.610773e-04
1.540632e-04
1.576333e-04
1.603816e-04
1.653969e-04
1.560338e-04
1.543519e-04
