1.605523e-04
1.513979e-04
1.587207e-04
1.701183e-04
1.616027e-04
1.586604e-04
1.599970e-04
1.514866e-04
1.698060e-04
1.608167e-04
1.619158e-04
1.583242e-04
1.572764e-04
1.577878e-04
1.574221e-04
1.565230e-04
1.572647e-04
1.596889e-04
1.571417e-04
1.632423e-04
1.629102e-04
1.642869e-04
1.577871e-04
1.674118e-04
1.604314e-04
1.560464e-04
1.606371e-04
1.649964e-04
1.578770e-04
1.676414e-04
1.593597e-04
1.601312e-04
1.671047e-04
1.616192e-04
1.656089e-04
1.595364e-04
1.681180e-04
1.600347e-04
1.672628e-04
1.615407e-04
1.699157e-04
1.616995e-04
1.681807e-04
1.652243e-04
1.695495e-04
1.581440e-04
1.663878e-04
1.667621e-04
1.665089e-04
1.705270e-04
1.733787e-04
1.606038e-04
1.651545e-04
1.617744e-04
1.578059e-04
1.614513e-04
1.655171e-04
1.679375e-04
1.939933e-04
1.683352e-04
1.636064e-04
1.644645e-04
1.677165e-04
1.548073e-04
1.629107e-04
1.706045e-04
1.639638e-04
1.621547e-04
1.526005e-04
1.655173e-04
1.667242e-04
1.641271e-04
1.561446e-04
1.687970e-04
1.564167e-04
1.613882e-04
1.704412e-04
1.597047e-04
1.677747e-04
1.550908e-04
1.592977e-04
1.651745e-04
1.679122e-04
1.769729e-04
1.626477e-04
1.666946e-04
1.727045e-04
1.615982e-04
1.599481e-04
1.650386e-04
1.609685e-04
1.636062e-04
1.651351e-04
1.610887e-04
1.643648e-04
1.695924e-04
1.672213e-04
1.684289e-04
1.653378e-04
1.628435e-04
