5.356811e-03
8.306575e-03
6.660173e-03
8.428737e-03
8.145266e-03
7.644426e-03
6.627997e-03
7.792491e-03
8.400789e-03
8.669369e-03
7.365832e-03
7.247452e-03
7.098158e-03
7.678049e-03
6.584081e-03
6.511926e-03
6.647816e-03
7.050503e-03
8.806820e-03
8.553651e-03
5.795057e-03
6.871455e-03
6.936853e-03
6.231239e-03
5.600588e-03
7.280404e-03
6.887299e-03
1.006712e-02
7.977081e-03
6.491036e-03
7.601799e-03
6.058040e-03
8.452256e-03
6.360879e-03
7.831566e-03
7.404220e-03
7.167290e-03
6.385684e-03
6.634962e-03
7.250280e-03
5.826737e-03
6.356421e-03
5.450521e-03
9.339325e-03
7.683863e-03
8.615075e-03
7.948259e-03
6.104233e-03
6.836668e-03
6.451153e-03
7.728501e-03
6.580019e-03
8.296058e-03
6.378774e-03
6.489087e-03
6.225743e-03
7.096454e-03
6.370368e-03
6.392327e-03
7.198190e-03
7.667342e-03
7.756360e-03
5.891424e-03
4.930614e-03
7.098107e-03
6.219585e-03
6.637105e-03
7.332198e-03
7.588245e-03
6.692424e-03
7.219180e-03
8.050901e-03
6.655974e-03
5.796582e-03
6.363099e-03
7.076148e-03
6.558048e-03
6.464649e-03
4.715163e-03
1.023504e-02
9.075383e-03
6.989039e-03
6.424308e-03
5.597004e-03
6.458475e-03
7.475882e-03
7.008293e-03
6.424867e-03
6.735516e-03
6.763968e-03
7.084191e-03
6.060728e-03
7.898015e-03
7.565184e-03
7.218408e-03
6.396525e-03
8.063895e-03
6.974322e-03
8.602624e-03
7.828749e-03
