1.911836e-04
2.091005e-04
1.891899e-04
2.049201e-04
2.079141e-04
1.984658e-04
1.854026e-04
1.793106e-04
1.727501e-03
1.894989e-04
1.794581e-04
1.946611e-04
1.960359e-04
1.835306e-04
2.000210e-04
1.935885e-04
1.998956e-04
1.979568e-04
1.688375e-04
1.860361e-04
1.883705e-04
1.949286e-04
1.721265e-04
1.854441e-04
1.891558e-04
1.916134e-04
1.874940e-04
2.413862e-04
1.993530e-04
1.792943e-04
1.929154e-04
2.099574e-04
1.974790e-04
1.822729e-04
2.006495e-04
1.827743e-04
2.205782e-04
2.136407e-04
1.892810e-04
1.922708e-04
1.955829e-04
1.902094e-04
1.921730e-04
1.970148e-04
1.953497e-04
2.028131e-04
1.926332e-04
1.956806e-04
1.661544e-04
1.948924e-04
1.850762e-04
1.919518e-04
1.832519e-04
2.004926e-04
2.025170e-04
1.945128e-04
1.962729e-04
2.046902e-04
1.963744e-04
1.903183e-04
1.983752e-04
1.916585e-04
1.852927e-04
1.979063e-04
1.823478e-04
1.855831e-04
1.902771e-04
1.972330e-04
1.898048e-04
1.948130e-04
1.932647e-04
1.931548e-04
1.854007e-04
1.894727e-04
1.797025e-04
1.851676e-04
1.911027e-04
1.797335e-04
1.948309e-04
2.004817e-04
1.917632e-04
1.873868e-04
1.916437e-04
1.822510e-04
2.033219e-04
1.945887e-04
1.887920e-04
1.968868e-04
2.207468e-04
1.756341e-04
1.983500e-04
2.093580e-04
1.741827e-04
2.024012e-04
2.022238e-04
1.855683e-04
1.819482e-04
1.898308e-04
1.954348e-04
1.923585e-04
