1.112031e-02
1.070366e-02
1.094837e-02
1.050980e-02
1.103610e-02
1.060200e-02
1.062064e-02
1.028265e-02
1.045235e-02
1.010485e-02
9.696229e-03
9.836486e-03
9.917565e-03
9.957933e-03
9.982718e-03
9.914160e-03
9.926084e-03
9.899533e-03
1.012513e-02
1.024128e-02
1.039469e-02
1.000271e-02
1.076831e-02
9.816356e-03
1.000269e-02
9.837013e-03
9.846338e-03
9.812987e-03
9.941919e-03
1.001799e-02
1.011074e-02
1.004605e-02
1.042279e-02
1.042021e-02
1.009624e-02
1.012144e-02
1.132401e-02
1.116097e-02
1.087343e-02
1.016301e-02
1.009508e-02
9.841978e-03
9.743454e-03
9.850035e-03
9.883707e-03
9.998604e-03
9.875545e-03
9.841389e-03
1.052277e-02
9.997455e-03
1.029866e-02
1.005178e-02
9.909139e-03
9.915373e-03
1.074629e-02
1.050915e-02
1.079826e-02
1.082536e-02
1.032626e-02
1.074274e-02
1.085979e-02
1.038011e-02
1.089966e-02
1.033810e-02
1.046233e-02
1.047855e-02
1.056592e-02
1.092171e-02
1.066881e-02
1.086185e-02
1.059472e-02
1.081463e-02
1.057942e-02
1.050325e-02
1.069901e-02
1.071867e-02
1.083969e-02
1.068976e-02
1.078371e-02
1.108452e-02
1.028980e-02
1.093642e-02
1.094519e-02
1.092413e-02
1.048128e-02
1.081718e-02
1.091622e-02
1.108170e-02
1.120289e-02
1.105844e-02
1.073409e-02
1.011375e-02
1.046868e-02
1.076891e-02
1.074668e-02
1.074665e-02
1.101215e-02
1.111114e-02
1.154891e-02
1.118431e-02
