1.120703e-02
1.105702e-02
1.067792e-02
1.099713e-02
1.066650e-02
1.087886e-02
1.141582e-02
1.099703e-02
1.032297e-02
1.089028e-02
1.081137e-02
1.069687e-02
1.090976e-02
1.050754e-02
1.051168e-02
1.059244e-02
1.046311e-02
1.061454e-02
1.062543e-02
1.073736e-02
1.083426e-02
1.052410e-02
1.071960e-02
1.077033e-02
1.067521e-02
1.052177e-02
1.070679e-02
1.042006e-02
1.067950e-02
1.069197e-02
1.033702e-02
1.045209e-02
1.070429e-02
1.031958e-02
1.026440e-02
1.073379e-02
1.062990e-02
1.062631e-02
1.061514e-02
1.085063e-02
1.063321e-02
1.016207e-02
9.886727e-03
1.009153e-02
1.017076e-02
1.006644e-02
1.009929e-02
9.874711e-03
9.961072e-03
9.620520e-03
1.000202e-02
9.918737e-03
9.907953e-03
1.001455e-02
1.009778e-02
1.038453e-02
1.065970e-02
1.048829e-02
1.084038e-02
1.109387e-02
1.097346e-02
9.837630e-03
9.805842e-03
9.965061e-03
9.781368e-03
1.003523e-02
1.018221e-02
9.960917e-03
1.011157e-02
1.018186e-02
1.054027e-02
1.079218e-02
1.106769e-02
1.084539e-02
9.976688e-03
9.916616e-03
9.894569e-03
9.939043e-03
1.032764e-02
1.029827e-02
1.026071e-02
1.018252e-02
1.021095e-02
1.010631e-02
1.062699e-02
1.042023e-02
1.029550e-02
9.928459e-03
9.855089e-03
9.679384e-03
9.979961e-03
9.874664e-03
1.004820e-02
9.815148e-03
9.833310e-03
9.904118e-03
9.726899e-03
9.917062e-03
9.911997e-03
9.992995e-03
