1.562395e-04
1.634123e-04
1.613491e-04
1.627829e-04
1.544466e-04
1.587994e-04
1.514475e-04
1.586096e-04
1.593413e-04
1.578910e-04
1.621242e-04
1.582937e-04
1.574028e-04
1.591663e-04
1.615734e-04
1.723180e-04
1.547790e-04
1.569171e-04
1.621616e-04
1.588786e-04
1.703990e-04
1.615973e-04
1.614344e-04
1.564646e-04
1.581657e-04
1.696975e-04
1.637974e-04
1.543696e-04
1.658821e-04
1.524193e-04
1.508713e-04
1.617486e-04
1.579146e-04
1.537020e-04
1.689413e-04
1.613867e-04
1.593130e-04
1.557238e-04
1.596408e-04
1.549251e-04
1.632404e-04
1.550775e-04
1.558189e-04
1.570535e-04
1.605358e-04
1.648591e-04
1.552627e-04
1.638930e-04
1.569629e-04
1.547456e-04
1.639273e-04
1.588502e-04
1.593421e-04
1.592207e-04
1.585479e-04
1.627491e-04
1.609826e-04
1.646218e-04
1.577730e-04
1.601050e-04
1.561849e-04
1.587551e-04
1.679866e-04
1.605923e-04
1.544828e-04
1.610961e-04
1.602631e-04
1.753118e-04
1.520398e-04
1.618667e-04
1.630309e-04
1.556137e-04
1.676936e-04
1.556404e-04
1.628830e-04
1.562445e-04
1.605663e-04
1.648717e-04
1.578364e-04
1.663327e-04
1.642513e-04
1.613097e-04
1.573834e-04
1.607497e-04
1.653781e-04
1.639636e-04
1.599970e-04
1.647208e-04
1.677811e-04
1.638353e-04
1.518390e-04
1.612639e-04
1.644883e-04
1.616335e-04
1.533179e-04
1.597602e-04
1.605647e-04
1.533275e-04
1.583719e-04
1.545434e-04
